Source: Energy Statistics Handbook - First quarter 2012
Alberta
http://www.statcan.gc.ca/pub/57-601-x/57-601-x2012001-eng.pdf , page 52
Units: Thousands of cubic metres per year
---
Year, Heavy crude oil, Light and medium crude oil, Synthetic crude oil, Crude bitumen, Condensate, Pentanes plus, Total net withdrawals
---
1989 16,800.7 54,180.3 11,901.0 7,482.4 190.7 6,712.3 97,267.4
1990 18,177.5 51,870.9 12,090.6 7,856.0 153.0 6,593.7 96,741.7
1991 19,371.8 49,984.5 13,189.8 7,110.8 193.4 6,898.0 96,748.3
1992 22,139.4 49,767.5 13,777.8 7,362.0 223.4 7,646.0 100,916.1
1993 22,653.5 52,579.4 14,123.0 7,685.3 265.2 8,473.3 105,779.6
1994 24,058.8 54,322.9 15,190.6 7,809.7 326.9 8,742.6 110,451.5
1995 27,044.5 53,047.6 16,318.4 8,629.7 345.4 8,974.9 114,360.5
1996 30,186.3 51,352.5 16,317.5 9,504.9 387.0 9,872.3 117,620.5
1997 32,725.1 49,335.4 16,798.1 13,805.8 434.9 10,727.4 123,826.7
1998 31,567.0 51,279.3 17,870.8 16,363.7 449.4 10,870.1 128,400.2
1999 30,621.0 47,470.7 18,766.9 14,171.1 504.6 10,752.7 122,287.0
2000 32,586.5 48,384.7 18,608.0 16,780.9 916.0 10,493.1 127,769.2
2001 33,206.2 46,729.8 20,260.7 17,953.9 1,134.8 9,665.6 128,951.0
2002 32,129.1 51,771.3 25,494.6 17,481.6 1,196.9 8,896.3 136,969.8
2003 31,755.1 52,934.9 25,028.8 25,029.0 1,180.8 8,884.6 144,813.2
2004 31,799.5 49,969.2 26,661.9 30,854.7 1,134.9 8,739.4 149,159.6
2005 30,497.7 48,420.8 21,932.5 35,325.9 1,494.0 8,537.0 146,207.9
2006 29,986.5 48,094.5 28,764.2 36,942.4 1,564.2 8,747.3 154,099.1
2007 29,023.1 51,549.2 39,859.4 29,158.0 1,688.9 8,290.6 159,569.1
2008 27,071.4 51,416.4 38,024.1 31,901.7 1,781.3 7,821.4 158,016.0
2009 25,214.6 45,433.4 44,405.8 32,943.9 1,510.3 7,446.9 156,955.0
2010 24,625.9 46,587.6 46,110.5 39,400.4 1,372.9 7,238.0 165,335.5
---
Units: Thousands of cubic metres per month
2011
---
January 2,079.5 4,032.4 4,076.9 3,667.6 115.6 610.0 14,582.1
February 1,888.9 3,672.2 3,807.6 3,340.9 108.3 538.8 13,356.6
March 2,118.4 4,129.7 4,108.8 3,598.2 117.0 608.1 14,680.1
April 1,969.5 4,060.9 3,922.2 3,523.0 113.8 594.6 14,184.1
May 2,060.4 3,874.0 3,032.2 3,563.7 108.8 583.4 13,222.6
June 1,946.4 3,425.7 3,696.6 3,551.5 93.1 557.7 13,271.0
July 2,051.4 3,872.9 4,423.6 3,910.1 113.1 612.9 14,984.1
August 2,123.2 4,129.8 4,868.9 3,905.0 110.9 596.4 15,734.3
September 2,082.3 4,047.7 4,460.5 3,577.7 108.9 572.5 14,849.6
October 2,186.8 4,277.8 4,669.8 3,831.0 108.1 590.1 15,663.5
November 2,120.9 4,272.2 4,286.0 3,729.6 111.4 577.2 15,097.4
December 2,217.7 4,512.7 4,689.2 4,010.4 124.8 633.4 16,188.0
---
Total 24,845.4 48,308.0 50,042.3 44,208.7 1,333.8 7,075.1 175,813.4
2012
---
January .. .. .. .. .. .. 15,943.2
February .. .. .. .. .. .. 15,014.0
March .. .. .. .. .. .. 15,615.1
April .. .. .. .. .. .. 15,669.8
---
Cumulative
2012 .. .. .. .. .. .. 62,242.1
2011 8,056.3 15,895.2 15,915.5 14,129.7 454.7 2,351.5 56,802.9
CANSIM v17944 v17945 v17946 v17947 v17949 v17950 v17951