Source: CERI - Oil Sands Supply Outlook - Potential Supply and Costs of Crude Bitumen and Synthetic Crude Oil in Canada 2003-2017
Units: Thousand barrels per day
Header
---
Year;Bitumen Production Gross;Bitumen Production To Upgrading;Bitumen Production Net;SCO Production;Total Production
---
Case 1:  Unconstrained Supply
(thousand b/d)
---
2002 829 530 300 439 739
2003 1,082 707 375 596 971
2004 1,172 755 417 639 1,057
2005 1,296 804 491 680 1,172
2006 1,530 903 627 763 1,390
2007 1,854 1,054 799 887 1,687
2008 2,203 1,259 943 1,060 2,003
2009 2,492 1,442 1,050 1,217 2,267
2010 2,725 1,599 1,127 1,355 2,482
2011 2,950 1,783 1,167 1,519 2,686
2012 3,182 1,940 1,242 1,659 2,901
2013 3,422 2,060 1,362 1,766 3,128
2014 3,573 2,155 1,417 1,849 3,267
2015 3,631 2,219 1,412 1,904 3,316
2016 3,726 2,277 1,449 1,954 3,404
2017 3,840 2,334 1,505 2,004 3,510
---
Case 2:  Adjusted Unconstrained Supply
(thousand b/d)
---
2002 829 530 300 439 739
2003 1,082 707 375 596 971
2004 1,165 755 410 639 1,049
2005 1,242 804 438 680 1,118
2006 1,383 903 479 763 1,242
2007 1,604 1,031 573 867 1,441
2008 1,858 1,189 670 1,000 1,669
2009 2,084 1,348 736 1,137 1,873
2010 2,286 1,455 832 1,228 2,059
2011 2,497 1,539 959 1,297 2,255
2012 2,753 1,645 1,109 1,385 2,493
2013 3,088 1,812 1,276 1,532 2,808
2014 3,384 2,005 1,379 1,707 3,085
2015 3,544 2,144 1,400 1,833 3,233
2016 3,697 2,252 1,445 1,931 3,376
2017 3,840 2,334 1,505 2,004 3,510
---
Constrained Supply Projection
Case 3:  High Supply Outlook
(thousand b/d)
---
2002 829 530 300 439 739
2003 1,082 707 375 596 971
2004 1,165 755 410 639 1,049
2005 1,239 804 435 680 1,115
2006 1,358 903 454 763 1,217
2007 1,511 1,031 480 867 1,347
2008 1,663 1,151 513 966 1,478
2009 1,785 1,222 563 1,025 1,588
2010 1,938 1,303 635 1,100 1,734
2011 2,163 1,437 726 1,224 1,950
2012 2,364 1,555 809 1,331 2,141
2013 2,533 1,630 903 1,398 2,300
2014 2,696 1,675 1,020 1,436 2,456
2015 2,788 1,705 1,082 1,459 2,542
2016 2,899 1,761 1,138 1,506 2,644
2017 3,067 1,854 1,212 1,588 2,801
---
Constrained Supply Projection
Case 4:  Reference Supply Outlook
(thousand b/d)
---
2002 829 530 300 439 739
2003 1,082 707 375 596 971
2004 1,161 755 407 639 1,046
2005 1,230 804 426 680 1,106
2006 1,332 896 436 757 1,193
2007 1,442 993 450 837 1,286
2008 1,536 1,068 468 898 1,366
2009 1,607 1,111 496 934 1,430
2010 1,697 1,160 538 979 1,516
2011 1,830 1,240 590 1,054 1,644
2012 1,949 1,312 637 1,119 1,756
2013 2,052 1,361 691 1,162 1,853
2014 2,152 1,391 761 1,187 1,948
2015 2,205 1,411 794 1,203 1,997
2016 2,276 1,445 831 1,232 2,063
2017 2,382 1,503 879 1,283 2,162
---
Constrained Supply Projection
Case 5:  Low Supply Outlook
(thousand b/d)
---
2002 829 530 300 439 739
2003 1,082 707 375 596 971
2004 1,142 755 387 639 1,026
2005 1,191 804 387 680 1,068
2006 1,262 886 376 749 1,125
2007 1,300 935 365 790 1,155
2008 1,301 944 357 797 1,154
2009 1,295 944 351 797 1,148
2010 1,289 944 345 797 1,142
2011 1,284 944 340 797 1,137
2012 1,280 944 336 797 1,133
2013 1,276 944 332 797 1,129
2014 1,271 944 327 797 1,124
2015 1,256 944 312 797 1,109
2016 1,253 944 309 797 1,106
2017 1,251 944 306 797 1,104