Source: Canadian Oil Sands Supply Costs and Development Projects (2010-­2044), p 40
Units: Thousand barrels per day

Announced + Awaiting Approval + Suspended + Approved + Under Construction + Onstream 
---
2043.9775899074302,5073.846153846154
2042.648516425002,5073.846153846153
2041.523810928156,5064.615384615387
2040.5012369951667,5046.153846153846
2039.9901597444089,5055.384615384615
2039.0698222331448,5036.923076923077
2038.2517211436061,5018.46153846154
2037.5019873842878,5018.461538461537
2036.2748357499795,4990.7692307692305
2034.8082936020317,4889.2307692307695
2033.5469583026133,4852.3076923076915
2034.2285344474483,4852.3076923076915
2035.4903940362087,4935.384615384615
2032.9676185795036,4852.307692307693
2032.388069140657,4833.846153846154
2031.6380208077333,4806.153846153846
2031.0925501761285,4787.692307692307
2030.4107643155567,4769.23076923077
2029.7628475464896,4732.307692307693
2029.1486950110593,4667.6923076923085
2028.5344376177602,4593.846153846154
2027.8855771278775,4473.846153846154
2027.4415040550505,4381.538461538463
2026.9977455558287,4316.923076923076
2026.383278446793,4224.615384615385
2025.9050217088557,4123.076923076923
2025.562975342017,4012.3076923076924
2025.1529810764316,3920
2024.7767510444826,3800
2024.3317342508396,3624.6153846153848
2023.5802179077577,3467.692307692308
2022.9654362251167,3347.6923076923076
2022.3506545424757,3227.6923076923076
2021.804030474318,3107.6923076923076
2021.1214057507987,3015.3846153846152
2020.5068337838945,2913.846153846154
2019.8578684361432,2784.6153846153843
2019.2436110428443,2710.769230769231
2018.3555697550585,2535.3846153846152
2017.9113918243631,2433.846153846154
2017.2626361923487,2323.0769230769233
2016.5457229458507,2212.3076923076924
2015.7951503235847,2138.461538461538
2014.908052756615,2046.1538461538462
2013.680901122307,2018.4615384615386
2012.8289309412633,2018.4615384615386
2012.2147784058327,1953.8461538461538
2011.6352289669862,1935.3846153846155
2011.0900729089867,1944.6153846153845
2010.5442877037765,1898.4615384615386
2009.9986073564348,1861.5384615384614
2036.956516752683,5000.000000000002
2042.0350978946506,5073.846153846154
2043.330092569837,5073.846153846154
---
Awaiting Approval + Suspended + Approved + Under Construction + Onstream 
---
2043.8670697140985,4344.615384615384
2042.9469419185714,4344.615384615385
2041.9244728434505,4335.384615384615
2040.9702662406817,4335.384615384616
2039.4026411075613,4335.384615384615
2037.937252396166,4335.384615384615
2036.5400212992545,4335.384615384616
2035.619998361596,4344.615384615384
2034.5295813877283,4353.846153846153
2033.7460833947734,4381.538461538461
2032.82637503072,4418.461538461539
2031.9405357581716,4436.923076923078
2030.7141181289423,4473.846153846153
2030.0667256492177,4483.076923076924
2028.9420201523717,4473.846153846154
2028.3620512820512,4418.461538461539
2027.4064815269928,4298.461538461539
2026.8603817481774,4224.615384615385
2026.2800983042516,4141.538461538461
2025.801946424183,4049.230769230769
2025.323060539035,3892.3076923076924
2024.6394920946998,3716.923076923077
2024.2635766363562,3624.6153846153848
2023.8193987056607,3523.076923076923
2023.2728794953714,3412.3076923076924
2022.7605439501924,3310.7692307692314
2022.3844187761122,3200
2021.7015843368558,3089.230769230769
2021.1895633652823,3015.3846153846157
2020.6775423937086,2941.538461538462
2020.1994953715082,2858.4615384615386
2019.619316785451,2784.6153846153843
2019.1751388547555,2683.076923076923
2018.8336167772588,2618.4615384615386
2018.287412140575,2535.3846153846152
2017.8431293520111,2424.6153846153843
2017.262741050217,2332.3076923076924
2016.9552977799624,2267.6923076923076
2016.2385942492012,2175.3846153846157
2015.6244417137707,2110.769230769231
2014.9762103710987,2046.1538461538462
2014.1578995658228,2009.2307692307693
2013.2037978209223,2018.4615384615386
2012.2488572130744,1953.8461538461536
2011.4649397886458,1944.6153846153848
2010.9537576800196,1944.6153846153848
2010.3397100024577,1889.2307692307693
2010.0325813058082,1852.3076923076924
2012.760353895306,1981.5384615384612
2013.7148750716801,2009.2307692307693
2029.5897272057016,4492.307692307692
---
Suspended + Approved + Under Construction + Onstream 
---
2043.8514458917016,2969.2307692307686
2043.23802736135,2969.2307692307695
2042.3518735151963,2960
2041.5341918571312,2978.4615384615386
2039.864435160154,2987.6923076923076
2037.8196018677809,2978.461538461539
2036.1838191201768,2978.461538461538
2034.2754059146391,2978.461538461538
2032.8785942492013,3015.3846153846152
2032.1292799213566,3052.3076923076924
2030.9711247644793,3098.461538461539
2030.153862537888,3153.8461538461543
2028.6208405013517,3200
2027.9392643565168,3200
2027.019031703121,3190.7692307692314
2026.371534365528,3190.7692307692314
2025.0086966494634,3218.461538461538
2023.5090194150896,3200
2024.2929368395182,3209.2307692307695
2025.8604571147703,3200
2027.4961350045055,3190.7692307692305
2029.302311788318,3190.7692307692314
2022.9292602605062,3163.076923076923
2022.3832653395593,3098.461538461538
2021.7009551896454,3033.846153846154
2021.0525141312362,2950.769230769231
2020.2337838944868,2876.9230769230767
2019.7214483493078,2775.3846153846152
2019.1068763824035,2673.846153846154
2018.4920946997624,2553.846153846154
2017.8089456869009,2415.3846153846157
2017.1259015319079,2286.153846153846
2016.5457229458507,2212.3076923076924
2015.760861800606,2120
2015.1808929302858,2064.6153846153843
2014.3283984599,2018.4615384615383
2013.7147702138118,2000
2013.067377734087,2009.2307692307693
2012.3513033505367,1972.3076923076924
2011.9078594249202,1935.3846153846152
2011.0558892438764,1935.3846153846152
2010.4079724748096,1898.4615384615383
2010.0667649709183,1861.5384615384614
---
Approved + Under Construction + Onstream
---
2043.9502220037684,2664.6153846153857
2042.996120258868,2673.8461538461547
2041.9397820922422,2683.076923076924
2040.0994216433194,2673.846153846154
2038.7703481608912,2673.8461538461543
2036.316778897354,2683.076923076923
2035.29451953797,2692.307692307692
2034.1699188989924,2692.307692307693
2032.1259244695666,2756.923076923077
2030.8998214139428,2821.538461538461
2030.0484803801098,2876.923076923077
2029.4011927582535,2895.384615384616
2028.515143769968,2895.3846153846157
2027.526543786352,2867.692307692307
2026.8450724993857,2876.9230769230776
2025.4482608339476,2913.846153846154
2024.528237896289,2923.076923076923
2023.744215613992,2904.6153846153848
2022.652959777177,2840.0000000000005
2021.4932317522732,2747.6923076923076
2020.8445809781274,2646.153846153846
2019.9915622183994,2553.8461538461543
2019.172622265913,2461.5384615384614
2018.626627344966,2396.923076923077
2018.1489997542394,2350.769230769231
2017.6708478741705,2258.4615384615386
2017.1245383796183,2166.153846153846
2015.9648103547145,2073.846153846154
2015.2492602605062,2083.076923076923
2014.464923404604,2036.923076923077
2013.7490587367904,2018.4615384615386
2012.6921962808224,1981.5384615384614
2011.9079642827885,1944.6153846153845
2011.2262832800852,1935.3846153846152
2010.5101040386664,1889.2307692307693
2010.0325813058082,1852.3076923076924
2037.4413795363316,2683.0769230769224
2041.019654296715,2683.0769230769233
2033.1478692553453,2720
2033.5224215613991,2692.307692307692
2023.2671123126074,2904.6153846153848
2016.5787531744081,2120
2013.3059293847791,2009.2307692307693
---
Under Construction + Onstream
---
2043.9703547145082,1436.9230769230762
2043.2207258130582,1446.1538461538444
2042.0279675595968,1446.153846153843
2040.2217907757845,1446.1538461538491
2038.2111411485214,1446.1538461538473
2036.4049643647088,1446.1538461538457
2034.1557630867535,1446.153846153844
2032.6230556238224,1520.0000000000011
2030.6475333824856,1612.3076923076942
2029.5575358400918,1658.4615384615372
2029.1828786761694,1676.9230769230753
2027.649332350291,1676.9230769230765
2027.1381502416646,1676.923076923075
2025.741653149832,1741.5384615384626
2023.9025509953306,1843.076923076924
2022.2681314000163,1963.0769230769226
2020.0870877365446,1963.076923076924
2018.3831473744572,1963.0769230769226
2016.8835749979519,1953.8461538461538
2016.1337363807652,1944.6153846153845
2014.7370295731957,1990.7692307692312
2014.1239256164495,2018.4615384615386
2013.4081658065045,2009.2307692307693
2012.9991152617351,2000
2012.248752355206,1944.6153846153845
2011.5670713525026,1935.3846153846155
2011.0560989596133,1953.8461538461538
2010.4420512820514,1898.4615384615383
2010.032791021545,1870.7692307692307
---
Onstream
---
2043.9337593184239,1215.3846153846175
2042.5705021708854,1206.153846153844
2041.0029818956336,1215.3846153846125
2038.75367575981,1206.1538461538466
2034.0508003604489,1206.1538461538448
2034.0508003604489,1206.1538461538448
2031.2235176538052,1316.9230769230783
2029.3163627426886,1427.6923076923092
2027.0329777996233,1418.4615384615372
2025.2279544523633,1519.9999999999986
2023.286930449742,1649.230769230769
2022.265405095437,1723.0769230769229
2018.619182436307,1741.5384615384623
2016.8810584091095,1732.3076923076928
2015.5519849266814,1732.3076923076928
2013.1681461456542,1880.0000000000002
2011.8395969525682,1926.153846153846
2010.9538625378882,1953.8461538461538
2010.0326861636765,1861.5384615384614
2014.189671499959,1806.153846153846
2019.9480462029983,1723.0769230769222
