Source: AEUB 2005
Unit: Thousand Cubic meters per day
---
Year,Surface Mining plus In-situ
1995.0843930635838,78.12750636493766
1995.1953757225433,78.35722689045025
1995.3063583815028,78.47667646448201
1995.4173410404624,78.81666794147536
1995.528323699422,79.26693036994945
1995.6393063583814,79.49665089546204
1995.750289017341,79.83664237245539
1995.8612716763005,79.9009564707468
1995.97225433526,80.51662532644208
1996.0832369942198,82.01446179398363
1996.1942196531793,83.62256921300593
1996.3052023121388,85.45121853498983
1996.4161849710983,87.22473238123337
1996.5271676300579,88.72256884877493
1996.6381502890174,90.49608269501842
1996.749132947977,92.04905463830038
1996.8601156069365,93.7122975330631
1996.971098265896,95.0998630491238
1997.0820809248555,96.43229308944419
1997.193063583815,97.48904575106263
1997.3040462427746,98.71120483990225
1997.415028901734,99.82309297726104
1997.5260115606936,100.93498111461986
1997.6369942196532,102.10200472771905
1997.7479768786127,103.37929929229908
1997.8589595375722,104.54632290539828
1997.9699421965317,105.4928046155359
1998.0809248554913,105.83279609252925
1998.1919075144508,106.11765209378217
1998.3028901734103,106.40250809503519
1998.4138728323699,106.68736409628809
1998.5248554913294,106.86194914606031
1998.635838150289,107.14680514731322
1998.7468208092484,107.21111924560464
1998.8578034682082,107.82678810129988
1998.9687861271677,107.94623767533172
1999.0797687861273,107.90028082214232
1999.1907514450868,107.90945944469333
1999.3017341040463,107.91863806724433
1999.4127167630058,107.92781668979532
1999.5236994219654,107.93699531234631
1999.634682080925,107.9461739348973
1999.7456647398844,107.95535255744832
1999.856647398844,107.9645311799993
1999.9676300578035,108.1942517055119
2000.078612716763,109.19586889138994
2000.1895953757225,110.08721512578713
2000.300578034682,111.03369683592483
2000.4115606936416,112.14558497328365
2000.5225433526011,113.14720215916168
2000.6335260115607,114.09368386929926
2000.7445086705202,115.15043653091772
2000.8554913294797,116.20718919253618
2000.9664739884392,117.26394185415457
2001.0774566473988,119.09259117613843
2001.1884393063583,120.9212404981223
2001.2994219653178,122.91529624732742
2001.4104046242774,124.74394556931131
2001.521387283237,126.57259489129521
2001.6323699421964,128.4563796890195
2001.7433526011562,130.45043543822453
2001.8543352601157,132.22394928446806
2001.9653179190752,134.16286955793277
2002.0763005780348,136.54287363732055
2002.1872832369943,138.70233581374677
2002.2982658959538,140.91693346591344
2002.4092485549133,143.07639564233966
2002.5202312138729,145.3461287702466
2002.6312138728324,147.67099737389407
2002.742196531792,149.8304595503203
2002.8531791907515,152.21046362970813
2002.964161849711,154.48019675761512
2003.0751445086705,156.63965893404134
2003.18612716763,159.12993396490992
2003.2971098265896,161.28939614133617
2003.408092485549,163.50399379350284
2003.5190751445086,165.82886239715023
2003.6300578034682,168.04346004931682
2003.7410404624277,170.53373508018547
2003.8520231213872,172.63806178087128
2003.9167630057802,174.79369953123455
2004.0739884393063,174.03480591948306
2004.1849710982658,172.72073312426465
2004.2959537572253,171.62720223200785
2004.4069364161849,170.14772300956832
2004.5179190751446,169.05419211731146
2004.6289017341041,168.01579670079502
2004.7398843930637,166.70172390557667
2004.8508670520232,165.4427865860987
2004.9618497109827,165.28655878142854
2005.063583815029,168.73542620496733
2005.1560693641618,173.1098047357321
2005.2485549132948,177.28569555383152
2005.3317919075143,181.19617120316437
2005.415028901734,185.17280942338576
2005.5075144508671,189.61335052503907
2005.6,193.8554039140269
2005.6832369942197,197.84858277697037
2005.7664739884392,201.6101926418042
2005.849710982659,205.38834314936017
2005.942196531792,209.58628815775566
2006.0531791907515,212.46251151880705
2006.164161849711,214.73224464671404
2006.2751445086706,216.8365713473999
2006.38612716763,218.83062709660496
2006.4971098265896,221.04522474877152
2006.6080924855492,223.14955144945742
2006.7190751445087,225.19874267440284
2006.8300578034682,227.46847580230994
2006.9410404624277,229.57280250299578
2007.0520231213873,231.78740015516235
2007.1630057803468,234.277675186031
2007.2739884393063,236.32686641097635
2007.3849710982659,238.70687049036422
2007.4959537572254,241.086874569752
2007.606936416185,243.52201412488017
2007.7179190751444,245.84688272852765
2007.828901734104,248.2268868079155
2007.9398843930635,250.66202636304362
2008.050867052023,253.70365615131604
2008.1618497109826,256.9106923668097
2008.2728323699423,260.3934059610054
2008.3838150289018,263.65557765223934
2008.4947976878614,266.862613867733
2008.605780346821,270.29019198618823
2008.7167630057804,273.7177701046435
2008.82774566474,277.1453482230986
2008.9387283236995,280.297248962852
2009.049710982659,283.44914970260527
2009.1606936416185,286.21510211217577
2009.271676300578,289.0913254732272
2009.3826589595376,292.0226843100188
2009.4936416184971,295.0091786225509
2009.6046242774567,297.995672935083
2009.7156069364162,300.87189629613437
2009.8265895953757,303.80325513292604
2009.9375722543352,306.62434301823697
2010.0485549132948,310.10705661243253
2010.1595375722543,313.9205830610705
2010.2612716763006,317.5679381972747
2010.3630057803468,321.32556428495974
2010.4739884393064,325.1390907335977
2010.584971098266,329.0628881337164
2010.6959537572254,332.821279106614
2010.806936416185,337.13102483691546
2010.9179190751445,341.1099577127746
2011.028901734104,344.31699392826823
2011.1398843930635,347.24835276506
2011.250867052023,350.28998255333244
2011.3618497109826,353.27647686586465
2011.4728323699421,355.98729379969467
2011.5838150289017,358.80838168500554
2011.6947976878612,361.684605046057
2011.8057803468207,364.56082840710826
2011.9167630057802,367.43705176815956
2012.02774566474,369.9273267990282
2012.1387283236995,371.8662470724928
2012.249710982659,373.80516734595744
2012.3606936416186,375.63381666794135
2012.471676300578,377.4624659899253
2012.5826589595376,379.45652173913044
2012.6936416184972,381.2300355853738
2012.8046242774567,383.3343622860597
2012.9156069364162,385.16301160804363
2013.0265895953758,387.37760926021025
2013.1375722543353,390.30896809700204
2013.2485549132948,392.9646495550917
2013.3595375722543,395.840872916143
2013.4705202312139,398.5516898499731
2013.5815028901734,401.48304868676473
2013.692485549133,404.13873014485455
2013.8034682080925,406.90468255442505
2013.8959537572255,409.58640197996
2014.0346820809248,408.19192062676876
---
Year,In-Situ
1995.0473988439305,24.312222501466007
1995.1583815028903,24.211130172536254
1995.2712138728323,24.61743719746059
1995.3803468208093,24.891113126522935
1995.4913294797689,24.900291749073933
1995.6023121387284,25.460825129028866
1995.6947976878612,25.578744932635452
1995.8982658959537,26.25719811619698
1995.9907514450867,26.595659822765157
1996.1202312138728,28.09502606073186
1996.2312138728323,29.537727052533015
1996.3606936416186,31.340338407071886
1996.4901734104046,32.75700143142802
1996.6011560693642,34.08943147174841
1996.7121387283237,35.64240341503039
1996.8601156069365,37.41897680212416
1996.9729479768787,38.65231596315439
1997.0450867052023,39.58455806025104
1997.193063583815,40.534099311239004
1997.3040462427746,41.1497681669344
1997.4168786127168,41.997158997781796
1997.5167630057804,42.733208037850865
1997.6554913294797,43.88047211629163
1997.7757225433527,44.77258323590146
1997.8774566473987,45.3874872063842
1997.9884393063585,45.782614159117976
1998.099421965318,45.62638635444782
1998.2104046242775,45.304752122556394
1998.3121387283236,44.982353005452495
1998.5248554913294,44.283184180716766
1998.635838150289,43.79614352160425
1998.7098265895954,43.691991651824175
1998.8763005780347,43.04413387676606
1998.9872832369942,42.55709321765355
1999.0890173410405,43.06172623665542
1999.264739884393,43.737884764579185
1999.3757225433526,44.29841814453421
1999.4589595375724,44.41557306292818
1999.6161849710982,45.09020182042677
1999.7271676300577,45.43019329742007
1999.8381502890174,45.770184774413394
1999.949132947977,46.1653117271472
2000.0601156069365,46.450167728400146
2000.1341040462428,46.45628681010083
2000.300578034682,47.13168045281205
2000.4115606936416,47.14085907536296
2000.5225433526011,47.42571507661592
2000.6335260115607,47.820842029349755
2000.7167630057804,47.8277259962629
2000.984971098266,48.51153337631259
2001.0959537572255,48.520711998863455
2001.206936416185,48.52989062141456
2001.3179190751446,48.539069243965535
2001.428901734104,48.5482478665165
2001.5398843930636,48.55742648906753
2001.6508670520232,48.56660511161859
2001.9190751445087,49.250412491668136
2002.0393063583815,49.370626950912495
2002.150289017341,50.261973185309806
2002.2612716763006,50.9327775167455
2002.4277456647399,52.21466139260096
2002.540578034682,53.00691674770809
2002.6682080924857,54.05401910756103
2002.7699421965317,54.69649081591397
2002.8901734104047,55.616169673394
2003.006705202312,56.4859206486226
2003.1121387283238,57.12318476348656
2003.2323699421966,57.96016040735601
2003.3710982658959,58.688394870169816
2003.4728323699421,59.17097369887553
2003.6115606936416,60.08666877920669
2003.713294797688,60.58027470306057
2003.8335260115607,61.31800649059731
2003.9260115606937,62.15268747882903
2004.0184971098265,62.65655561261838
2004.1849710982658,63.44222020681036
2004.2959537572253,63.94761811102487
2004.4420809248554,64.94111476556266
2004.5549132947976,65.40255726622736
2004.6473988439307,66.01669635149753
2004.7768786127167,66.85443688057951
2004.8416184971097,67.35601035873111
2005.0117919075144,68.42868538085816
2005.128323699422,69.97108916011953
2005.2522543352602,71.82286351169728
2005.3687861271676,73.409375671551
2005.4927167630058,75.2170416425363
2005.6073988439307,76.81442792049563
2005.7109826589594,78.14624605264592
2005.821965317919,79.92527344646346
2005.942196531792,81.39630706134739
2006.0476300578034,83.13628069101918
2006.164161849711,85.1087411810555
2006.2751445086706,87.04766145452028
2006.4046242774566,89.31892435285246
2006.5341040462429,91.25937439674223
2006.6404624277457,93.06007353824965
2006.7542196531792,94.83933039763093
2006.8726011560693,96.76783548411765
2006.9872832369942,98.46446561840968
2007.107514450867,100.45928625282727
2007.2129479768787,102.2213140727952
2007.329479768786,104.00631394531432
2007.4349132947978,105.74628757498601
2007.5532947976878,107.67479266147274
2007.6624277456647,109.27172000830438
2007.7734104046242,111.15550480602877
2007.9028901734105,113.09595484991851
2008.0268208092486,115.1241627238654
2008.1341040462428,116.32396166832388
2008.2561849710983,117.65730957089939
2008.3671676300578,119.05590218210824
2008.4818497109827,120.587125889179
2008.578034682081,121.58751925871694
2008.6797687861272,122.83648120021414
2008.8092485549132,124.41855065179143
2008.9202312138727,125.75098069211177
2009.0312138728323,126.91800430521094
2009.1421965317918,127.75421506386783
2009.271676300578,128.92276844739223
2009.3734104046243,129.65897046450385
2009.5121387283236,130.7069906866119
2009.6323699421964,131.70937275770245
2009.7341040462427,132.32427672818534
2009.8432369942198,133.53525574483416
2009.9560693641617,134.27237562420086
2010.0763005780348,135.19205448168094
2010.172485549133,136.01050078127554
2010.2890173410406,136.94641432739272
2010.3815028901734,137.6983921020137
2010.5109826589596,138.83937774766798
2010.677456647399,140.06612614778294
2010.7884393063584,140.95747238218024
2010.9049710982658,141.89338592829733
2010.9826589595375,142.51732829237545
2011.1953757225433,143.30681731263036
2011.3063583815028,143.59167331388335
2011.4173410404624,143.9868002666171
2011.5005780346821,143.99368423353036
2011.6578034682082,144.66831299102893
2011.7687861271677,144.73262708932032
2011.8797687861272,145.2931604692752
2011.9907514450867,145.46774551904738
2012.1017341040463,145.86287247178112
2012.1757225433525,146.03439798070303
2012.3421965317918,146.7097916234141
2012.4531791907514,147.21518952762867
2012.5179190751446,147.38595015133785
2012.7676300578034,148.06822776096237
2012.878612716763,148.24281281073462
2012.9895953757225,148.74821071494898
2013.100578034682,148.75738933750011
2013.2115606936416,148.76656796005108
2013.322543352601,148.7757465826021
2013.442774566474,148.78569009036568
2013.6184971098266,149.46184861828945
2013.7294797687862,149.4710272408404
2013.8404624277457,149.4802058633915
2013.914450867052,149.48632494509215
